0.000000
0.000000
0.000000
0.000000
0.000000
0.000000
0.001730
0.000000
0.000000
0.000000
0.000000
0.003460
0.081315
0.107266
0.117647
0.131488
0.141869
0.157439
0.152249
0.081315
0.025952
0.025952
0.025952
0.025952
0.000000
0.000000
0.000000
0.000000
0.000000
0.000000
0.000000
0.000000
0.000000
0.000000
0.000000
0.000000
0.000000
0.000000
0.001730
0.000000
0.000000
0.000000
0.003460
0.022491
0.119377
0.134948
0.159170
0.166090
0.178201
0.178201
0.173010
0.103806
0.022491
0.013841
0.010381
0.010381
0.000000
0.000000
0.000000
0.000000
0.000000
0.000000
0.000000
0.000000
0.000000
0.000000
0.000000
0.000000
0.000000
0.000000
0.000000
0.000000
0.000000
0.000000
0.005190
0.022491
0.095156
0.131488
0.159170
0.181661
0.188581
0.166090
0.150519
0.076125
0.022491
0.006920
0.006920
0.006920
0.000000
0.000000
0.000000
0.000000
0.000000
0.000000
0.000000
0.000000
0.000000
0.000000
0.000000
0.000000
0.000000
0.000000
0.000000
0.000000
0.000000
0.000000
0.003460
0.017301
0.065744
0.102076
0.155709
0.211073
0.198962
0.136678
0.108997
0.065744
0.022491
0.008651
0.006920
0.005190
0.000000
0.000000
0.000000
0.000000
0.000000
0.000000
0.000000
0.000000
0.000000
0.000000
0.000000
0.000000
0.000000
0.000000
0.000000
0.000000
0.000000
0.000000
0.003460
0.019031
0.064014
0.110727
0.192042
0.245675
0.238754
0.147059
0.100346
0.062284
0.025952
0.008651
0.006920
0.003460
0.000000
0.000000
0.000000
0.000000
0.000000
0.000000
0.000000
0.000000
0.000000
0.000000
0.000000
0.000000
0.000000
0.000000
0.000000
0.000000
0.000000
0.000000
0.003460
0.019031
0.062284
0.117647
0.237024
0.313149
0.299308
0.167820
0.095156
0.060554
0.027682
0.008651
0.006920
0.000000
0.000000
0.000000
0.000000
0.000000
0.000000
0.000000
0.000000
0.000000
0.000000
0.000000
0.000000
0.000000
0.000000
0.000000
0.000000
0.000000
0.000000
0.000000
0.003460
0.019031
0.058824
0.131488
0.299308
0.375433
0.363322
0.205882
0.096886
0.062284
0.027682
0.008651
0.005190
0.000000
0.000000
0.000000
0.000000
0.000000
0.000000
0.000000
0.000000
0.000000
0.000000
0.000000
0.000000
0.000000
0.000000
0.000000
0.000000
0.000000
0.000000
0.000000
0.003460
0.019031
0.058824
0.121107
0.266436
0.378893
0.352941
0.197232
0.098616
0.062284
0.025952
0.008651
0.005190
0.000000
0.000000
0.000000
0.000000
0.000000
0.000000
0.000000
0.000000
0.000000
0.000000
0.000000
0.000000
0.000000
0.000000
0.000000
0.000000
0.000000
0.000000
0.000000
0.003460
0.019031
0.060554
0.128028
0.275086
0.385813
0.368512
0.200692
0.089965
0.051903
0.012111
0.006920
0.001730
0.000000
0.000000
0.000000
0.000000
0.000000
0.000000
0.000000
0.000000
0.000000
0.000000
0.000000
0.000000
0.000000
0.001730
0.001730
0.000000
0.000000
0.000000
0.000000
0.001730
0.017301
0.060554
0.128028
0.269896
0.394464
0.356401
0.204152
0.089965
0.057093
0.010381
0.006920
0.000000
0.000000
0.000000
0.001730
0.000000
0.000000
0.000000
0.000000
0.000000
0.000000
0.000000
0.000000
0.000000
0.000000
0.001730
0.001730
0.001730
0.000000
0.000000
0.001730
0.003460
0.017301
0.064014
0.136678
0.257785
0.365052
0.301038
0.200692
0.093426
0.053633
0.012111
0.005190
0.000000
0.000000
0.000000
0.003460
0.000000
0.000000
0.000000
0.000000
0.000000
0.000000
0.000000
0.001730
0.001730
0.003460
0.003460
0.003460
0.003460
0.003460
0.003460
0.006920
0.008651
0.020761
0.069204
0.148789
0.216263
0.332180
0.256055
0.186851
0.095156
0.057093
0.013841
0.005190
0.000000
0.000000
0.000000
0.000000
0.000000
0.000000
0.000000
0.000000
0.000000
0.000000
0.003460
0.003460
0.003460
0.003460
0.003460
0.003460
0.003460
0.003460
0.010381
0.010381
0.017301
0.029412
0.077855
0.141869
0.167820
0.252595
0.212803
0.166090
0.091696
0.057093
0.013841
0.005190
0.006920
0.005190
0.000000
0.000000
0.000000
0.000000
0.000000
0.001730
0.003460
0.003460
0.003460
0.003460
0.003460
0.003460
0.003460
0.003460
0.003460
0.008651
0.013841
0.017301
0.019031
0.032872
0.091696
0.147059
0.138408
0.174740
0.162630
0.150519
0.102076
0.065744
0.012111
0.008651
0.013841
0.012111
0.001730
0.000000
0.000000
0.000000
0.000000
0.003460
0.003460
0.003460
0.003460
0.003460
0.001730
0.001730
0.003460
0.001730
0.000000
0.015571
0.019031
0.022491
0.022491
0.043253
0.112457
0.166090
0.134948
0.162630
0.153979
0.164360
0.112457
0.074394
0.017301
0.013841
0.017301
0.017301
0.005190
0.000000
0.000000
0.000000
0.000000
0.003460
0.003460
0.001730
0.003460
0.001730
0.001730
0.001730
0.000000
0.001730
0.000000
0.013841
0.022491
0.020761
0.022491
0.048443
0.115917
0.164360
0.133218
0.155709
0.152249
0.171280
0.121107
0.086505
0.024221
0.019031
0.020761
0.015571
0.006920
0.000000
0.000000
0.001730
0.003460
0.003460
0.003460
0.001730
0.001730
0.001730
0.000000
0.000000
0.000000
0.000000
0.000000
0.012111
0.019031
0.013841
0.015571
0.044983
0.105536
0.157439
0.131488
0.159170
0.167820
0.192042
0.129758
0.088235
0.031142
0.024221
0.020761
0.008651
0.001730
0.000000
0.001730
0.003460
0.003460
0.003460
0.003460
0.001730
0.001730
0.001730
0.000000
0.000000
0.000000
0.000000
0.000000
0.005190
0.012111
0.012111
0.015571
0.046713
0.100346
0.157439
0.155709
0.195502
0.205882
0.231834
0.145329
0.095156
0.025952
0.020761
0.020761
0.010381
0.003460
0.003460
0.003460
0.003460
0.003460
0.000000
0.000000
0.000000
0.001730
0.000000
0.000000
0.000000
0.001730
0.001730
0.001730
0.006920
0.006920
0.008651
0.015571
0.046713
0.089965
0.176471
0.179931
0.228374
0.237024
0.261246
0.133218
0.077855
0.015571
0.015571
0.013841
0.010381
0.005190
0.005190
0.005190
0.005190
0.003460
0.000000
0.000000
0.000000
0.000000
0.000000
0.000000
0.000000
0.001730
0.001730
0.001730
0.006920
0.006920
0.005190
0.012111
0.039792
0.084775
0.192042
0.200692
0.240484
0.256055
0.269896
0.122837
0.065744
0.015571
0.012111
0.012111
0.006920
0.005190
0.005190
0.003460
0.003460
0.000000
0.000000
0.000000
0.000000
0.000000
0.000000
0.000000
0.000000
0.001730
0.001730
0.001730
0.005190
0.003460
0.003460
0.017301
0.038062
0.081315
0.190311
0.233564
0.295848
0.304498
0.299308
0.124567
0.055363
0.010381
0.006920
0.003460
0.001730
0.003460
0.003460
0.003460
0.001730
0.000000
0.000000
0.000000
0.000000
0.000000
0.000000
0.000000
0.000000
0.001730
0.001730
0.001730
0.001730
0.001730
0.008651
0.020761
0.036332
0.086505
0.176471
0.238754
0.320069
0.335640
0.309689
0.122837
0.053633
0.006920
0.000000
0.000000
0.000000
0.001730
0.001730
0.000000
0.000000
0.000000
0.000000
0.000000
0.000000
0.000000
0.000000
0.000000
0.000000
0.000000
0.000000
0.000000
0.000000
0.000000
0.008651
0.020761
0.034602
0.086505
0.166090
0.214533
0.294118
0.313149
0.287197
0.098616
0.048443
0.003460
0.000000
0.000000
0.000000
0.000000
0.000000
0.000000
0.000000
0.000000
0.000000
0.000000
0.000000
0.000000
0.000000
0.000000
0.000000
0.000000
0.000000
0.000000
0.000000
0.001730
0.012111
0.022491
0.038062
0.084775
0.152249
0.190311
0.273356
0.299308
0.261246
0.093426
0.048443
0.005190
0.000000
0.000000
0.000000
0.000000
0.000000
0.000000
0.000000
0.000000
0.000000
0.000000
0.000000
0.000000
0.000000
0.000000
0.000000
0.000000
0.005190
0.003460
0.000000
0.006920
0.019031
0.022491
0.046713
0.076125
0.145329
0.205882
0.285467
0.307958
0.221453
0.088235
0.050173
0.005190
0.001730
0.000000
0.000000
0.000000
0.001730
0.000000
0.000000
0.000000
0.000000
0.000000
0.000000
0.000000
0.000000
0.000000
0.000000
0.000000
0.003460
0.001730
0.000000
0.008651
0.019031
0.022491
0.043253
0.076125
0.131488
0.190311
0.257785
0.249135
0.174740
0.088235
0.050173
0.005190
0.001730
0.000000
0.000000
0.000000
0.003460
0.000000
0.000000
0.000000
0.000000
0.000000
0.000000
0.000000
0.000000
0.000000
0.000000
0.000000
0.000000
0.000000
0.001730
0.008651
0.019031
0.024221
0.043253
0.072664
0.126298
0.157439
0.205882
0.188581
0.148789
0.088235
0.050173
0.005190
0.001730
0.000000
0.000000
0.000000
0.000000
0.000000
0.000000
0.000000
0.000000
0.000000
0.000000
0.000000
0.000000
0.000000
0.000000
0.000000
0.000000
0.000000
0.006920
0.019031
0.019031
0.027682
0.039792
0.070934
0.091696
0.114187
0.176471
0.145329
0.119377
0.091696
0.053633
0.008651
0.001730
0.001730
0.000000
0.000000
0.000000
0.000000
0.000000
0.000000
0.000000
0.000000
0.000000
0.000000
0.000000
0.000000
0.000000
0.000000
0.003460
0.048443
0.065744
0.072664
0.067474
0.084775
0.084775
0.133218
0.155709
0.171280
0.202422
0.181661
0.160900
0.145329
0.103806
0.055363
0.051903
0.050173
0.051903
0.048443
0.027682
0.000000
0.000000
0.000000
0.000000
0.000000
0.000000
0.000000
0.000000
0.000000
0.000000
0.000000
0.024221
0.086505
0.105536
0.114187
0.115917
0.119377
0.126298
0.202422
0.221453
0.254325
0.254325
0.249135
0.230104
0.216263
0.162630
0.105536
0.096886
0.096886
0.096886
0.093426
0.070934
0.003460
0.000000
0.000000
0.000000
0.000000
0.000000
0.000000
0.000000
0.000000
0.000000
0.000000
0.017301
0.043253
0.072664
0.084775
0.084775
0.088235
0.112457
0.219723
0.230104
0.223183
0.212803
0.205882
0.207612
0.198962
0.145329
0.069204
0.069204
0.072664
0.067474
0.055363
0.039792
0.001730
0.000000
0.000000
0.000000
0.000000
0.000000
0.000000
0.000000
0.000000
0.000000
0.000000
0.000000
0.000000
0.010381
0.025952
0.024221
0.027682
0.053633
0.124567
0.148789
0.134948
0.126298
0.117647
0.121107
0.108997
0.051903
0.003460
0.000000
0.000000
0.000000
0.000000
0.000000
0.000000
0.000000
0.000000
0.000000
0.000000
0.000000
