0.011926
0.035961
0.053767
0.072050
0.093392
0.111510
0.125378
0.125158
0.124444
0.132248
0.159653
0.192555
0.209207
0.214941
0.209317
0.202850
0.213347
0.207229
0.205983
0.193123
0.183652
0.174749
0.171323
0.177442
0.178834
0.178449
0.195724
0.219759
0.203510
0.115137
0.039222
0.009380
0.047392
0.082181
0.119864
0.166560
0.208786
0.233737
0.241321
0.250792
0.267884
0.301665
0.335501
0.359042
0.366223
0.378570
0.382802
0.386869
0.404034
0.403814
0.385348
0.363200
0.341931
0.341565
0.333797
0.336032
0.335519
0.339770
0.338945
0.336710
0.329456
0.267848
0.141481
0.034789
0.064283
0.112316
0.168337
0.222324
0.248264
0.262297
0.269350
0.293880
0.332387
0.380677
0.400187
0.389983
0.395259
0.407313
0.410043
0.415117
0.432044
0.460696
0.464891
0.443640
0.415099
0.390386
0.371975
0.372231
0.363328
0.350285
0.363237
0.376903
0.377947
0.350688
0.247037
0.083371
0.081704
0.149504
0.216480
0.245736
0.262242
0.286717
0.310532
0.331892
0.359445
0.398611
0.421254
0.409292
0.413560
0.416693
0.417902
0.418213
0.436716
0.469746
0.488230
0.490868
0.473263
0.442999
0.416638
0.403558
0.394361
0.383278
0.373770
0.398025
0.420393
0.405316
0.321175
0.154945
0.096030
0.183066
0.236338
0.258377
0.281202
0.317200
0.333578
0.334860
0.348471
0.371297
0.396963
0.392658
0.386997
0.387748
0.387437
0.386557
0.408101
0.444446
0.471193
0.488431
0.487753
0.473574
0.450162
0.422958
0.402495
0.393482
0.400407
0.424057
0.462967
0.460036
0.370528
0.210288
0.094088
0.204371
0.243080
0.281019
0.313683
0.325444
0.321597
0.313536
0.316339
0.337022
0.370986
0.374979
0.364153
0.360654
0.353234
0.345339
0.361112
0.388865
0.405499
0.429828
0.441167
0.442615
0.446846
0.423617
0.398923
0.391742
0.423288
0.488175
0.527012
0.510067
0.395002
0.225896
0.105465
0.213201
0.265503
0.315515
0.326763
0.315771
0.313390
0.315478
0.311668
0.326616
0.346621
0.356788
0.355781
0.351201
0.336472
0.315515
0.324473
0.329456
0.344404
0.352905
0.371206
0.378130
0.400681
0.411160
0.406947
0.419056
0.478209
0.565135
0.585799
0.536172
0.401103
0.205012
0.171726
0.334860
0.432447
0.482349
0.487937
0.480554
0.469947
0.474600
0.480701
0.492132
0.493671
0.475388
0.478557
0.478649
0.470258
0.438786
0.437833
0.433052
0.430744
0.422885
0.426677
0.433473
0.455951
0.498159
0.521461
0.541301
0.568377
0.609028
0.612582
0.551743
0.400553
0.154652
0.312364
0.484346
0.578673
0.622035
0.624068
0.616429
0.604393
0.596571
0.603550
0.604027
0.604613
0.577445
0.559932
0.566472
0.553575
0.541594
0.531867
0.536813
0.526206
0.515068
0.505303
0.503984
0.514372
0.554601
0.598787
0.625863
0.628355
0.623665
0.620990
0.553190
0.359078
0.114844
0.384524
0.558393
0.649550
0.659809
0.657684
0.659388
0.642168
0.626523
0.641746
0.642021
0.641068
0.608460
0.586440
0.579643
0.577244
0.570209
0.554967
0.549746
0.540715
0.537765
0.539103
0.538462
0.561526
0.598641
0.646271
0.694341
0.709729
0.688845
0.617565
0.493854
0.293898
0.096177
0.369648
0.595142
0.667815
0.663290
0.647535
0.637240
0.618737
0.607507
0.627915
0.639566
0.621888
0.583582
0.556689
0.541539
0.537875
0.536556
0.520875
0.510396
0.500467
0.504149
0.523183
0.553209
0.581292
0.608900
0.637808
0.658435
0.663803
0.632880
0.557440
0.422720
0.281551
0.096580
0.260007
0.512393
0.599154
0.605932
0.596571
0.577922
0.565006
0.562955
0.567937
0.573305
0.545844
0.510836
0.490996
0.486764
0.480407
0.470607
0.462235
0.449906
0.445656
0.445765
0.469306
0.498141
0.515489
0.527818
0.548171
0.538059
0.523385
0.513492
0.494568
0.435617
0.294722
0.112536
0.188946
0.340154
0.392145
0.411435
0.413743
0.423434
0.442816
0.445326
0.439390
0.438548
0.400938
0.348288
0.327605
0.340099
0.347903
0.347867
0.332698
0.327770
0.329731
0.335739
0.361698
0.404932
0.436166
0.448184
0.444886
0.432905
0.425651
0.438676
0.455310
0.442175
0.346603
0.147856
0.178962
0.293934
0.335190
0.340832
0.353637
0.374155
0.401213
0.389891
0.356495
0.324015
0.307692
0.254346
0.213696
0.222159
0.264678
0.285233
0.280964
0.269570
0.259457
0.247110
0.269954
0.319307
0.360965
0.407148
0.423361
0.404364
0.366937
0.366607
0.410171
0.444868
0.419660
0.188360
0.187664
0.296921
0.339293
0.362760
0.377746
0.394178
0.392035
0.343433
0.293458
0.282320
0.273746
0.241028
0.207705
0.191419
0.204994
0.230366
0.243629
0.245058
0.227618
0.214465
0.227508
0.267701
0.296701
0.336802
0.376811
0.397622
0.384744
0.357246
0.387345
0.451774
0.483119
0.237694
0.209720
0.335410
0.386356
0.423324
0.430377
0.419734
0.364995
0.319288
0.282265
0.253485
0.252606
0.230549
0.206844
0.187792
0.181398
0.189422
0.203748
0.216773
0.216407
0.196109
0.195523
0.216773
0.241962
0.280305
0.329657
0.386356
0.416143
0.419789
0.421309
0.451609
0.532031
0.307894
0.215033
0.375181
0.452269
0.472713
0.474728
0.420247
0.353637
0.312602
0.269936
0.234287
0.244069
0.239727
0.218807
0.192170
0.180702
0.183743
0.199388
0.222635
0.239856
0.221866
0.224889
0.226391
0.234323
0.270357
0.312620
0.373880
0.432740
0.465679
0.483558
0.483851
0.548391
0.366406
0.209555
0.415850
0.511642
0.546430
0.499130
0.414055
0.355359
0.314690
0.263286
0.227252
0.238995
0.240240
0.229817
0.209812
0.185099
0.185832
0.202741
0.231191
0.252020
0.247605
0.241578
0.231978
0.222526
0.266529
0.312455
0.360672
0.409365
0.476267
0.526462
0.535182
0.553007
0.398538
0.238683
0.484419
0.595984
0.597285
0.503325
0.416308
0.364647
0.321688
0.275157
0.236155
0.228571
0.227197
0.219063
0.201495
0.179805
0.178559
0.196604
0.223753
0.244399
0.244051
0.231868
0.223771
0.219008
0.245278
0.298294
0.337901
0.377324
0.440838
0.527690
0.553502
0.574899
0.418103
0.298588
0.565483
0.661714
0.631249
0.511257
0.433015
0.377654
0.320589
0.299119
0.258248
0.223112
0.207687
0.185887
0.180299
0.174327
0.177954
0.198729
0.207284
0.213677
0.212138
0.210435
0.208511
0.213805
0.235770
0.288933
0.339843
0.368861
0.409218
0.513620
0.563999
0.608570
0.436551
0.350578
0.628684
0.682580
0.625698
0.534431
0.454431
0.387876
0.313316
0.292945
0.267060
0.217653
0.205470
0.192427
0.187444
0.195285
0.213421
0.221335
0.218385
0.216682
0.216297
0.213256
0.198142
0.199516
0.232400
0.304688
0.375749
0.409108
0.434389
0.496895
0.573910
0.636305
0.453386
0.392255
0.659223
0.672669
0.593988
0.528587
0.448843
0.369026
0.317017
0.293568
0.277667
0.233371
0.204444
0.188561
0.188525
0.220968
0.252514
0.256526
0.245754
0.231594
0.230678
0.222727
0.206734
0.200066
0.244069
0.322952
0.402110
0.437265
0.450125
0.494147
0.596296
0.655229
0.458846
0.395790
0.650375
0.659003
0.573525
0.501438
0.443091
0.365215
0.311613
0.303515
0.290564
0.262700
0.212761
0.193288
0.198307
0.251214
0.289996
0.285050
0.266345
0.239929
0.241541
0.230641
0.220895
0.214447
0.264568
0.335721
0.395955
0.434701
0.462564
0.525656
0.632550
0.657281
0.438603
0.366827
0.621393
0.648195
0.592540
0.519904
0.449924
0.384872
0.350267
0.321377
0.319362
0.317438
0.265265
0.237108
0.249162
0.315331
0.367065
0.357173
0.309854
0.274113
0.269240
0.261454
0.263854
0.255445
0.278052
0.342517
0.402752
0.447268
0.501017
0.581677
0.659369
0.644329
0.390313
0.319087
0.574129
0.638559
0.630223
0.556689
0.490849
0.428124
0.414073
0.387125
0.383828
0.385000
0.370986
0.344734
0.358052
0.410372
0.408980
0.409475
0.389397
0.355433
0.353454
0.347665
0.342719
0.328888
0.328906
0.366772
0.417938
0.484145
0.562368
0.641471
0.675179
0.619800
0.313848
0.258267
0.527268
0.616557
0.648946
0.624086
0.561031
0.501713
0.477586
0.473098
0.470112
0.488999
0.506458
0.530254
0.547310
0.537491
0.518732
0.507538
0.505120
0.504772
0.469068
0.468280
0.462070
0.455878
0.442138
0.446040
0.483980
0.571601
0.649788
0.684430
0.668328
0.575009
0.223222
0.186015
0.478246
0.586367
0.636489
0.683386
0.674007
0.622877
0.586458
0.593035
0.601260
0.637368
0.674666
0.699635
0.673127
0.636287
0.602836
0.598696
0.614047
0.631286
0.626981
0.618444
0.611336
0.611244
0.602854
0.607287
0.636965
0.695935
0.721142
0.694030
0.633393
0.489457
0.138879
0.123436
0.399014
0.540550
0.609467
0.674501
0.733911
0.737721
0.717717
0.716984
0.720721
0.761500
0.795263
0.792954
0.765750
0.730412
0.671222
0.662942
0.702548
0.723670
0.741202
0.745397
0.735395
0.742100
0.749446
0.761885
0.780680
0.778794
0.724495
0.661641
0.571473
0.377727
0.088666
0.082767
0.280378
0.471174
0.557679
0.614322
0.664755
0.707256
0.723231
0.737410
0.725319
0.725099
0.777438
0.788118
0.781486
0.715244
0.632751
0.634565
0.699507
0.731438
0.744426
0.741275
0.736586
0.767271
0.779856
0.776394
0.778244
0.739334
0.675454
0.586367
0.472512
0.225402
0.066921
0.061168
0.165369
0.337809
0.478081
0.546046
0.575283
0.586843
0.618627
0.666294
0.671112
0.657519
0.685401
0.712935
0.684687
0.590195
0.547804
0.556964
0.596461
0.661843
0.685896
0.686445
0.694433
0.713082
0.730723
0.707494
0.684980
0.641325
0.574056
0.488926
0.300420
0.123509
0.052503
0.040064
0.094491
0.185191
0.318519
0.439519
0.495906
0.469654
0.458571
0.478411
0.533277
0.567773
0.565812
0.533900
0.493707
0.484438
0.492865
0.501420
0.503453
0.517687
0.563229
0.597706
0.598549
0.574716
0.548959
0.535384
0.526352
0.526957
0.463096
0.300383
0.149083
0.077106
0.035613
0.012054
0.034734
0.069742
0.117262
0.165296
0.192225
0.218074
0.238683
0.235990
0.210966
0.174584
0.148735
0.166670
0.217671
0.284995
0.332185
0.343122
0.320754
0.277557
0.228956
0.198729
0.211680
0.234909
0.258816
0.276641
0.263433
0.216627
0.157565
0.102534
0.060454
0.031491
0.011834
