0.003888
0.017410
0.069811
0.136579
0.134043
0.089588
0.060598
0.093729
0.146467
0.153059
0.182049
0.297752
0.362576
0.479378
0.264452
0.037610
0.014706
0.051893
0.144101
0.178330
0.210108
0.197684
0.124493
0.138523
0.158046
0.202502
0.282032
0.462897
0.510565
0.637001
0.521467
0.122126
0.027468
0.139368
0.189317
0.221095
0.221602
0.202586
0.197684
0.109449
0.127705
0.208333
0.314571
0.443881
0.514706
0.654243
0.666498
0.318627
0.063810
0.184584
0.238168
0.244422
0.212475
0.192698
0.204108
0.149172
0.166413
0.229378
0.309162
0.386917
0.467799
0.602012
0.709770
0.479378
0.143002
0.277299
0.338996
0.334263
0.292765
0.278567
0.285835
0.270368
0.270115
0.309415
0.349899
0.378127
0.387677
0.497634
0.726420
0.597110
0.229209
0.402637
0.427907
0.425794
0.489604
0.457066
0.446839
0.419118
0.378465
0.410835
0.455291
0.378888
0.291413
0.373479
0.705037
0.660581
0.385480
0.484787
0.506846
0.512847
0.493661
0.451995
0.455037
0.485717
0.509043
0.470673
0.436105
0.368408
0.275947
0.314824
0.706305
0.692782
0.474899
0.577164
0.534905
0.484702
0.460784
0.424358
0.449375
0.537948
0.557725
0.521890
0.373141
0.332066
0.226504
0.312542
0.730899
0.718475
0.534821
0.726589
0.531609
0.494084
0.487407
0.446924
0.472194
0.616379
0.579699
0.474730
0.460108
0.305781
0.228364
0.361139
0.799527
0.729970
0.599814
0.719151
0.477265
0.462221
0.452417
0.382860
0.407539
0.534229
0.538455
0.449628
0.506170
0.342546
0.270368
0.471349
0.801217
0.735379
0.630240
0.767072
0.625254
0.490619
0.371619
0.354632
0.377705
0.434669
0.440416
0.453600
0.515720
0.423090
0.404665
0.628127
0.812627
0.688810
0.653989
0.830882
0.705206
0.458925
0.397312
0.386241
0.374493
0.411934
0.395707
0.388438
0.592039
0.623563
0.607505
0.751183
0.802147
0.639706
0.604801
0.777806
0.646467
0.499070
0.454953
0.425287
0.393002
0.379986
0.414723
0.436782
0.667005
0.786765
0.793864
0.842208
0.789807
0.525524
0.480730
0.664469
0.590940
0.540821
0.521045
0.497718
0.469743
0.422414
0.450473
0.510057
0.611393
0.809922
0.827924
0.845926
0.783300
0.373479
0.301809
0.478448
0.473884
0.484956
0.509719
0.495014
0.455713
0.375338
0.381423
0.460024
0.535666
0.735294
0.772819
0.764283
0.596856
0.212390
0.077840
0.187120
0.261494
0.292512
0.332066
0.361646
0.329953
0.321501
0.320994
0.310598
0.349222
0.403229
0.519608
0.507353
0.286511
0.103448
